animals <- structure(list(animal = structure(1:40, .Label = c("baboon", 
                                                   "bear-black", "bear-grizzly", "bear-polar", "beaver", "buffalo", 
                                                   "camel", "cat", "chimpanzee", "chipmunk", "cow", "deer", "dog", 
                                                   "donkey", "elephant", "elk", "fox", "giraffe", "goat", "gorilla", 
                                                   "guinea_pig", "hippopotamus", "horse", "kangaroo", "leopard", 
                                                   "lion", "monkey", "moose", "mouse", "opossum", "pig", "puma", 
                                                   "rabbit", "rhinoceros", "sea_lion", "sheep", "squirrel", "tiger", 
                                                   "wolf", "zebra"), class = "factor"), gestation = c(187L, 219L, 
                                                                                                      225L, 240L, 122L, 278L, 406L, 63L, 231L, 31L, 284L, 201L, 61L, 
                                                                                                      365L, 645L, 250L, 52L, 425L, 151L, 257L, 68L, 238L, 330L, 42L, 
                                                                                                      98L, 100L, 164L, 240L, 21L, 15L, 112L, 90L, 31L, 450L, 350L, 
                                                                                                      154L, 44L, 105L, 63L, 365L), longevity = c(20L, 18L, 25L, 20L, 
                                                                                                                                                 5L, 15L, 12L, 12L, 20L, 6L, 15L, 8L, 12L, 12L, 40L, 15L, 7L, 
                                                                                                                                                 10L, 8L, 20L, 4L, 25L, 20L, 7L, 12L, 15L, 15L, 12L, 3L, 1L, 10L, 
                                                                                                                                                 12L, 5L, 15L, 12L, 12L, 10L, 16L, 5L, 15L)), .Names = c("animal", 
                                                                                                                                                                                                         "gestation", "longevity"), class = "data.frame", row.names = c(NA, 
                                                                                                                                                                                                                                                                        -40L))